[Global]
DMSwVersion = 4.0
Tmax = 500
Tmin = 0.0001
TPrimaries = 0.6847 0.3154 0.2677 0.6894 0.1499 0.0586 0.3013 0.3189
TEOTF = POWER
Tgamma = 2.2
TBitDepth = 8

TContrast = 5000000
TrimPowerBias = 0.05
TrimSlopeBias = 0.02

RGB2YCCmat=0.2249515012 0.5805731287 0.0507803555 -0.1222960562 -0.3156316076 0.4379276637 0.4379276637 -0.4027047292 -0.0352229345
RGB2YCCOffsetNorm=0.0625 0.5 0.5

[PictureMode = 0]
PictureModeName = Dolby Vision Bright
Tmax = 250

[PictureMode = 1]
PictureModeName = Dolby Vision Standard
Tmax = 250
TPrimaries = 0.6847 0.3154 0.2677 0.6894 0.1499 0.0586 0.3127 0.329

[PictureMode = 2]
PictureModeName = Dolby Vision Vivid
Tmax = 250
TPrimaries = 0.6847 0.3154 0.2677 0.6894 0.1499 0.0586 0.3127 0.329
DSaturation = 0.2
DContrast = 0.2

[PictureMode = 3]
PictureModeName = Dolby Vision Cinema
Tmax = 500

