[Global]
DMSwVersion = 4.0
Tmax = 570
Tmin = 0.0001
TPrimaries = 0.6745 0.3228 0.2699 0.6850 0.1498 0.0654 0.3011 0.3179
TEOTF = POWER
Tgamma = 2.2
TBitDepth = 8

TContrast =5700000
TrimPowerBias = 0.05
TrimSlopeBias = 0.02

RGB2YCCmat=0.2249515012 0.5805731287 0.0507803555 -0.1222960562 -0.3156316076 0.4379276637 0.4379276637 -0.4027047292 -0.0352229345
RGB2YCCOffsetNorm=0.0625 0.5 0.5

[PictureMode = 0]
PictureModeName = Dolby Vision Bright
Tmax = 285

[PictureMode = 1]
PictureModeName = Dolby Vision Standard
Tmax = 285
TPrimaries = 0.6745 0.3228 0.2699 0.6850 0.1498 0.0654 0.3127 0.329

[PictureMode = 2]
PictureModeName = Dolby Vision Vivid
Tmax = 285
TPrimaries = 0.6745 0.3228 0.2699 0.6850 0.1498 0.0654 0.3127 0.329
DSaturation = 0.2
DContrast = 0.2

[PictureMode = 3]
PictureModeName = Dolby Vision Cinema
Tmax = 570

